3802
8252
7401
218
3602
3120
1856
8754
1030
6400
2374
3474
8583
5538
9166
7207
9546
8686
7798
5607
9050
9766
3903
4380
8197
8977
3261
9569
5490
4063
4899
6204
60
4433
1820
3473
5928
4126
9366
5755
1995
7246
5895
5949
3197
6316
9569
3545
1105
5154
3551
1041
2320
7638
6588
5072
7547
7356
404
964
1967
2216
512
35
4966
1854
3868
3987
8822
4445
5902
2198
8631
860
7861
6248
8675
5175
2180
6817
5322
8431
9434
8778
80
5548
155
7740
3702
344
4508
1415
3032
2564
5656
5585
2345
5641
7655
6712
2466
7584
569
6916
1587
327
1637
446
5757
1632
7367
3283
2981
7959
5568
3966
2654
7341
250
4576
3586
1975
597
6596
3294
2095
924
769
4335
5289
8410
8650
2603
8114
983
7914
5107
2290
9621
9262
8340
2685
5634
5404
8863
1663
4589
9012
4119
1649
4188
9873
1735
3226
5088
2180
4589
8863
5220
9504
5514
6919
8948
2600
3246
1547
4257
9991
8684
1551
3279
1500
8136
3971
2311
480
4577
3776
8331
5247
5371
2685
1938
5127
9564
3682
5743
3254
9537
51
476
3890
6254
3521
7014
9566
2860
2391
3489
4629
7788
1010
2626
9730
5055
5381
2531
8749
2626
691
8200
3001
2614
4212
6619
6547
4884
4153
1553
613
8578
6858
9701
3187
6881
5492
8183
7845
5402
6093
9321
96
626
8699
5730
3453
5212
1833
849
9110
5361
7185
7886
3099
3369
9386
5155
7199
6058
6050
2664
5436
6169
9890
8754
416
5136
490
6222
4774
4693
8821
8622
1930
-40
783
937
8940
8381
682
2540
2097
3600
5953
6954
9375
2793
2940
6333
8474
7198
1707
9392
8293
9233
4896
7507
7922
6338
5729
467
2356
3997
4756
4002
591
2877
9770
2612
6307
770
1810
3476
9453
396
7457
6458
9544
9232
1199
4520
9374
2476
1644
6451
542
2489
2329
461
164
4566
1719
8159
9968
2410
8382
7896
5388
-19
7096
1739
9622
2319
1968
2613
4090
807
730
7131
9623
2092
1570
9786
6190
9258
5023
2774
6678
5585
9739
6280
544
5036
4763
3649
3549
7653
5226
3197
7379
4491
1050
5126
1206
3851
9866
7103
1825
3269
4105
9900
1214
4987
5277
576
5879
9333
1107
1363
2739
1519
8859
1953
7110
8527
9761
2592
6436
6791
4966
1151
1053
3830
4421
4076
5521
9098
7462
3940
7342
7862
6650
3980
6385
5518
2274
6781
6175
4469
977
8491
9887
1107
841
4171
7434
1793
6872
7186
5934
7033
9537
5003
477
8204
5613
4173
7322
4972
4940
4297
826
8043
4876
2515
8793
5172
5572
4809
5032
9740
8221
8049
8767
3731
6680
1477
9289
1546
1674
387
8831
2127
3026
4075
7571
6968
377
2078
7156
6192
408
5818
4645
4470
8332
3230
71
5102
4601
6975
9798
9697
9504
4814
4257
1528
277
1686
8056
1274
5116
8563
6932
6587
9238
8993
8106
5834
5334
4874
9549
7857
3794
7774
9248
8534
4792
9134
8109
7051
4996
1274
9393
8667
4101
6940
9543
3482
1054
9770
1555
6563
5044
9775
2698
6523
1296
8024
8205
4578
4266
769
4427
450
9684
5589
8965
4791
2574
421
8669
6034
9442
5710
4094
2301
5385
9587
9040
7444
2575
1499
9712
7742
982
7617
2616
1486
1303
2080
2664
8110
3427
5985
3375
761
862
1806
3681
-47
6550
7938
1059
4
8709
9044
3960
2005
4814
294
9494
9542
1840
4890
3010
6256
5584
4202
4821
2888
599
7807
4714
9814
9705
4841
-56
1562
7699
7615
2053
7335
8123
2071
9372
988
611
5162
6680
6245
7305
4184
6367
1386
2893
9523
403
3067
2502
5071
1561
8592
7127
9758
2768
7473
8297
9536
4363
4465
9680
5865
1639
4527
4586
3348
6920
9685
6907
9808
4962
1927
4298
5875
3150
6126
7491
2458
555
4198
9882
848
4462
9210
8552
390
427
1748
2822
2774
9282
717
2291
7066
235
7358
3494
251
1956
7807
1535
5145
7092
-6
8093
9520
8677
2482
4140
8925
6808
5965
5396
5842
6862
7723
3479
252
6156
8697
9562
7483
374
6847
688
4494
1343
124
230
48
3446
7023
6575
3324
-60
6060
8690
2544
7791
4998
911
2070
4070
3548
8452
6439
7054
2568
9070
7695
6235
7008
9478
8973
2577
51
636
18
1966
641
1541
2763
9150
7055
2149
1001
4223
162
6270
9468
7173
3531
2062
7516
6067
1581
1968
802
9588
9290
8908
3776
1894
444
6320
8631
3589
8342
9462
9734
9009
726
3212
5215
8161
3206
8660
859
3446
3700
9689
3781
920
9613
9894
8518
4053
9882
507
1531
9411
1682
3825
9129
5776
3665
3538
5486
9916
4810
5011
8266
4403
4859
3789
6556
1306
7957
4993
1708
7046
6829
2407
3043
950
7755
4959
5218
6678
403
4956
6546
2682
9812
1269
3885
1644
8428
5192
8705
3726
4517
487
7071
9981
4272
9397
6459
2176
6715
4036
7118
3042
4579
9991
4162
7181
2373
2127
5118
3010
9232
8274
2872
4089
3297
5553
9661
1298
9329
4401
1874
6233
5644
6820
28
7518
6182
3201
1922
3016
3109
2116
5111
7187
1054
5551
2072
4043
2234
8714
1066
404
5737
486
9434
7549
6433
6394
6700
2072
1061
5690
9766
621
5915
8511
696
3584
2914
3646
9690
4848
6050
2246
127
8330
6702
7289
2120
9690
2091
1344
1690
98
2293
4870
7924
2260
3007
7903
9244
2005
1348
6031
5776
5317
6769
1217
2878
4451
1441
5630
-16
3332
1923
6940
4214
8000
7790
3010
4802
9231
5596
2933
8735
5688
5745
7975
2364
7176
3688
5980
5883
2949
7155
2626
3135
851
6194
6280
9376
2097
2635
469
6606
8982
487
7727
2927
7618
1759
9478
3432
8047
8678
9981
7308
7863
4413
1490
8411
7590
4645
8597
7343
8548
2554
9997
1412
6667
2800
7029
8590
9382
8556
3695
1015
2133
1519
6988
6124
656
5330
5824
3715
2714
3178
3773
2928
5876
4043
476
9135
6057
6018
1680
6221
8676
6851
5515
2386
8048
3550
4271
3552
7046
177
7286
4905
5989
4172
5538
7172
9009
-30
4560
6808
9552
2753
2766
1995
4016
4147
4292
9276
1319
8844
3016
6519
3768
6706
5004
9299
8273
8683
5299
8342
3244
6380
5345
940
1003
2364
4464
7178
5691
6712
9353
6832
5915
6840
9688
5974
9980
9059
5915
5403
8032
24
435
6349
5249
733
8164
30
4196
7758
562
2875
7770
610
2524
8824
774
2252
4342
4867
4825
9540
6586
63
2924
8764
90
2948
1608
8439
3393
9015
3730
8312
424
5554
3776
4233
2505
6057
783
5746
7784
3706
5791
6684
5193
1536
8807
7993
4961
7886
4687
6996
-42
4627
8297
2050
8132
4041
5235
9480
4904
2514
1621
8960
2808
9998
4284
2560
2239
4579
59
4706
2367
689
6988
5500
1817
9235
600
6530
769
6430
7834
9425
9746
8547
7266
5960
845
2265
5721
2755
8286
2904
894
6527
97
8917
3752
5605
8515
7541
6946
5160
5215
2863
3501
4792
7925
1877
5114
4647
9905
8638
2255
151
1440
5211
4434
6303
6665
2096
5768
1900
7395
-30
1786
9287
5941
138
8276
435
9942
1730
9312
559
1575
5341
3165
6567
4449
2009
9592
4029
3737
1763
9091
6247
3770
2029
1411
8779
7393
6041
7500
540
7080
885
8807
3290
232
1080
4873
1056
2521
9908
7353
1126
2555
7815
8091
578
3138
8429
5504
5543
5343
4912
8875
2869
8262
2464
4989
4906
7410
7413
3912
1933
5243
8158
481
6388
43
9429
6241
2431
9054
8682
3952
4877
716
6446
6412
4266
6406
7863
4410
1436
870
8491
5727
6862
6818
9223
586
512
7082
342
2912
7265
6615
1313
5431
5532
8310
2421
1607
3754
7346
450
3327
744
1858
6778
5818
3506
3169
5134
9695
2894
9259
4013
7204
2282
9836
4275
7637
8030
2976
7194
3357
3739
6724
494
8683
3212
7661
5033
7596
9546
9613
6329
2880
6721
714
6797
3246
4138
8989
1566
4086
7050
7497
8189
5280
6701
3270
4311
7934
3887
7122
5265
4949
4838
5665
6875
6683
8099
8347
3428
4686
7794
8963
5018
4854
3667
1044
3878
6509
8618
9817
4650
2783
9659
3442
6330
7796
4449
2495
7910
529
8347
9370
819
4339
8822
4587
4957
9174
9241
3256
6381
79
2219
6350
570
5934
1831
5032
9924
364
5072
1041
1056
9490
1862
9154
8517
1564
4888
7875
4015
1514
6097
6287
1589
1586
7684
7000
8211
6682
3016
7385
1508
9422
6761
475
458
3848
133
5070
8299
4445
6567
8226
1716
170
2613
5082
7513
4158
4851
2130
2939
4763
3703
4495
241
6829
9536
4922
448
9851
1745
1491
7224
2452
8928
5895
1253
5591
1108
6726
2194
5034
5079
6132
6187
9005
8817
8431
6603
-32
526
2756
2036
2096
7177
298
8612
7401
2217
5992
4216
6662
1205
5839
9822
8311
4888
7521
9634
598
7208
4559
2476
3211
7905
5257
9927
8206
1471
1590
2440
4136
3195
5085
9253
2208
3401
4439
9121
2370
1354
9362
1562
7878
8948
7611
4672
2002
200
9115
4924
9361
1345
391
5758
4465
549
7472
4252
308
6774
8040
6535
220
3134
-53
8031
2467
1667
7899
2916
3995
5692
1761
738
266
8922
3880
2540
2364
8079
1407
6159
6186
68
3024
142
8087
3684
8250
3199
761
2602
8365
8388
2488
6414
9996
2142
8947
3465
9608
9877
7318
7897
5564
117
5501
7448
4138
9323
6968
6559
1377
7888
2267
3824
262
5113
4013
6747
2947
9055
3916
3155
9978
268
4820
6193
6099
733
4260
8097
8101
3687
1968
1798
9525
239
9612
3719
7108
2820
4058
4937
9318
3008
491
8169
6266
9869
2964
7264
7171
7602
3881
21
8210
4747
1938
2765
9719
8940
8770
5411
2245
2298
4339
1693
6513
4453
8333
127
3547
1857
3192
8657
838
4836
6942
8889
4483
3167
7964
4739
2327
1923
8929
3075
3110
9126
8476
8378
1139
6338
3516
6949
7726
5943
626
7084
8483
3749
900
1456
1790
6794
3680
5513
4967
5488
6814
4635
359
2715
549
6302
-3
2690
3328
860
3741
8148
6778
7331
7827
7652
5894
1327
7133
8653
3109
4180
9398
8607
7878
6186
4659
7675
6768
8242
7160
5642
838
6626
9362
9352
7227
417
5305
3773
9829
9759
1142
9974
2633
6
6031
2978
8393
4371
7911
3174
4475
5422
2457
3279
3585
2098
9968
-9
845
3365
1664
8148
3818
5095
4028
6514
4948
6212
4199
852
7592
4517
2820
7759
6933
5693
1246
5095
9070
2584
6187
60
2842
5741
9308
6197
2326
4206
6348
6756
2825
5892
9854
6833
5719
4957
3352
2933
4950
5283
4870
6633
4396
5782
7732
8498
8512
1212
8416
7545
1612
6311
7605
5016
5669
7025
7302
9490
4964
4167
9814
8928
1208
7688
9369
6186
6257
5171
1137
7410
3853
4972
187
811
2175
2998
6190
3015
4842
9298
5380
3281
3639
7716
492
1980
7556
5039
3518
1379
1441
8449
5023
2018
2479
3562
2300
9425
8437
9896
6851
7333
5765
8478
2440
966
6223
5267
7102
4364
3514
3153
5313
1360
948
2858
9538
8737
4336
3102
9648
7669
7068
7131
223
3750
3847
302
7055
3056
4615
8943
5113
8410
5610
4197
547
5119
7681
3018
4021
7498
2072
2017
4809
2182
1302
2011
4522
3352
4060
9385
23
3072
9406
4187
8200
2002
7296
2129
6088
2685
5022
610
5659
1453
6720
9548
6496
8167
7624
163
3554
7074
8256
5140
4752
9015
3015
8647
2180
3160
4200
2569
7041
1815
9387
6039
7425
7538
6089
2551
3484
6191
9780
1626
8909
7277
9677
5211
3830
8659
5307
7623
8060
3235
6606
1842
9064
3172
511
7581
4382
3901
5859
336
5441
6080
7307
1103
1995
8804
2142
5524
6807
1436
9350
9379
8307
8239
3994
949
6317
7029
1197
3244
3501
2771
4783
7445
5339
6831
2038
6671
8867
1909
7844
7815
1119
6006
5125
5854
6405
8530
7956
8531
8346
9791
3018
4468
9159
3446
7778
6024
6685
8015
62
8262
6820
559
9994
1733
543
6354
6947
516
9788
8901
2549
8663
8373
5791
381
3867
2203
4752
9692
3254
6979
1429
5675
6287
810
8504
5309
9838
7998
3808
1992
7878
260
8880
7652
5813
1723
2842
9455
4094
9208
7085
4011
8578
366
1924
551
6953
3148
6089
375
9937
5662
6602
9017
5114
9617
3100
8972
1147
1512
8935
2120
9506
2670
4692
3109
1617
4252
3938
487
9531
173
9076
8965
360
4076
7334
9244
9579
3123
9019
6896
65
3730
4018
2959
8709
9416
4900
7865
9039
5380
6199
2795
4830
3636
8772
2589
2969
2565
8221
4485
3833
5895
4621
582
25
2248
5613
4392
3717
7680
-20
1843
9276
5226
2171
2171
4191
7671
3032
8663
3860
1856
3012
3365
8699
9131
3255
3582
4308
6564
3153
8205
421
83
1296
2248
3295
4346
4227
2660
4505
819
3313
7510
7821
2142
221
7856
7329
2935
7755
5483
497
9615
1405
1049
4801
511
993
6375
3530
7672
7874
9179
4819
7874
4166
305
1187
6924
3256
7639
2875
3095
5334
1457
9376
5794
8828
7290
5752
6909
7314
3528
4238
3054
-4
867
2687
9881
410
7575
1905
1926
1843
4172
6164
2813
2143
4479
1873
-18
3225
6547
2383
4224
2400
4567
4782
4633
9367
97
5662
6418
4459
4605
8949
1331
5061
4501
7968
4214
3297
2903
7210
7380
5619
8211
9486
6276
707
2684
2559
8433
1377
2336
1749
2854
6331
7330
4212
3799
1617
6901
6934
2241
4972
4470
5010
6147
7775
9294
6726
946
2203
1367
6257
3332
3535
6507
1665
7010
5061
8790
8743
2482
6591
8931
1609
7226
6571
7207
1256
1314
8673
7235
3154
8009
2260
1563
224
3843
5697
1890
6078
2492
4741
5616
3929
5749
1642
9371
646
4887
4936
4643
3394
1010
7194
9112
6493
8533
2086
3290
5467
9744
690
3389
6847
1363
5549
3986
5014
6030
193
1062
2169
5543
231
181
1366
6568
4380
8630
957
859
6625
7136
8988
8623
4865
7504
5169
3322
8862
6202
6953
2681
3134
9068
6799
8726
2723
3106
8143
7559
3202
1396
2800
8357
8973
5361
2348
8290
7420
695
6523
3793
4465
2941
3406
3063
9614
7258
7588
1308
9665
6922
833
6128
331
7258
6950
8975
3791
8068
1985
186
316
1906
3267
7748
2624
6645
9885
8783
5651
2562
92
3454
3518
7520
1177
550
3215
5702
1578
9790
7904
7381
54
813
4882
8830
7710
6157
5543
7025
5705
1714
6664
1172
4293
5626
1798
4370
7836
2103
5421
7538
2933
9239
2154
2595
9340
2861
-48
5611
7319
8620
6377
6900
5286
7102
4448
6894
9154
5579
5918
186
4285
433
3473
472
4020
5211
8701
5268
7154
116
3744
5675
432
600
6356
8931
998
895
2389
660
5568
1103
2592
4296
3403
3835
1120
4096
931
9573
5773
8422
2768
6707
5250
8590
2749
6399
1282
119
7268
7262
4315
1638
3255
352
2477
82
3593
2161
9310
9415
4875
273
3444
2972
180
5021
4003
4230
106
6165
4138
1507
8765
4728
7794
1205
2324
7995
5503
3752
5151
5512
132
7364
9324
9073
2091
3478
6128
1645
10
6738
8973
1216
6015
702
1510
528
230
3931
5779
6357
8261
2460
2300
2285
752
9881
3744
2765
2982
4590
4269
965
7226
-20
7980
2823
-54
7122
4138
4145
9727
3770
5258
8476
6228
1649
388
7660
891
5929
7298
4640
4641
8659
3291
5067
5739
5090
5236
5374
8333
5152
940
8928
9541
5147
8333
1302
8638
7729
6181
2642
9161
5136
2559
4950
7288
9114
411
7474
6751
1995
4290
7329
2941
4248
4954
9728
1492
8060
4652
4660
2931
6781
30
7357
7934
9834
2485
1678
4596
5618
8884
1982
9308
497
2720
5347
5578
2660
859
6652
3304
9389
5855
6472
4007
9381
4817
325
1973
360
2336
9783
4101
5172
9900
9760
4580
7790
516
913
6700
6253
4898
3112
7076
9799
6658
2418
988
5060
3306
983
8182
4360
6492
1447
8545
4421
8283
4582
7700
4248
2419
3869
7500
9757
510
6799
8074
4431
7625
8906
9414
213
628
8679
1846
5845
3050
4172
2436
4715
5727
4708
4990
992
9726
486
9317
7802
6762
1389
4524
4620
9036
5248
1921
5504
6109
6117
8020
6265
7560
7700
5205
8603
2790
5313
6737
6103
6980
2749
4287
2459
4404
2433
1118
454
1866
1591
6036
2527
7083
5060
5243
1969
6118
5452
8178
1120
7627
5668
6918
1875
592
6672
2021
8952
8849
2085
5933
8881
7298
3272
4557
5094
4410
3446
1812
7855
3541
5558
1883
90
5068
9913
4661
9426
1423
2752
4687
3426
873
6895
395
9082
6710
2329
9365
7709
7237
9758
967
6567
9926
9483
196
9939
232
8864
7662
2247
5391
4929
6555
6396
5316
4098
9625
5921
5396
3709
3385
2568
9811
2409
3141
1330
8964
6189
8289
5510
7933
5125
5709
7197
2464
5268
7326
9289
2196
9533
6494
8516
8988
1506
7371
6265
7960
815
822
534
1327
4184
9816
9703
2976
6212
9462
3575
2042
4542
902
1728
4174
2144
3127
1361
10
6275
5875
8344
7435
1256
9427
5220
7992
5710
4288
6575
9524
8800
2053
8169
457
7509
439
8571
2616
4965
730
1369
7207
4194
6885
5559
8856
-31
9872
9296
3209
3134
2250
7907
9622
9197
5735
5105
6012
8869
6114
1160
5350
2581
6064
9690
3370
7296
1140
2158
7169
3741
2218
4963
8238
4556
3806
8407
12
5952
2050
9671
2262
3044
2554
8290
3792
1310
7493
4024
3512
3878
-60
3001
7532
3072
1221
2193
4505
4735
4494
4360
4692
2668
6367
1618
4369
2977
2902
6932
351
1557
697
6513
3604
1552
5527
4824
6655
658
5548
3473
1501
6643
3859
9478
4836
3402
1318
486
4434
4327
9163
3563
789
9775
7040
989
5911
3501
7975
9895
1263
6305
7763
6099
5441
9716
8837
7213
2026
7084
3373
8210
2442
9537
2692
9110
8176
8997
9476
3636
6398
8608
9855
7622
1946
3765
8913
1546
1422
181
6821
1983
965
2349
8965
6178
4323
2390
4416
1320
1311
7540
6891
512
6589
7126
8564
1790
3503
6187
1322
7910
4891
3950
5371
1371
5033
8556
2062
1906
1272
8506
7871
2831
3823
1602
7626
8611
6090
6256
3298
5682
3093
8981
1640
574
3149
746
9434
2591
5158
844
9589
7356
2396
6173
4467
8022
3468
7584
8263
3728
7193
617
7011
1266
61
8203
4614
4617
5174
8493
1670
8537
6798
710
9083
4539
4739
5977
736
6147
651
5528
2502
3704
6160
2882
1558
2434
5759
416
8692
4693
6219
442
4755
357
4470
3896
7959
3582
8972
7441
6382
5796
3507
6128
6934
3160
6585
6260
7568
2003
3713
4988
4948
3787
558
2852
5398
6377
5191
1146
5782
93
1112
8040
9775
3281
836
7915
1873
8886
288
9241
4252
131
3384
4201
8387
203
2235
2298
8869
8018
8410
1800
3318
9860
2265
3265
8375
6845
5992
7320
867
5200
3938
926
4274
2417
3371
1441
1554
1264
7666
8519
3097
6590
3562
8217
5902
9888
4254
3168
6408
5810
2040
1890
3073
5939
9744
4244
1964
2968
7010
9780
2633
2195
2277
1956
2430
6712
8441
84
4431
5161
2421
4997
7742
1837
4597
485
7716
6163
2678
8512
3527
4761
5847
3886
9295
541
6807
413
9407
7846
5483
4807
3629
9425
6705
3159
-25
4956
4422
980
3713
974
1947
7483
2592
1993
1501
7143
5762
297
2385
4494
7990
3534
4654
4775
9340
9156
4435
7487
6670
1742
6823
9879
3906
3065
4726
5661
2882
9868
6138
7125
7979
3706
9247
3182
4964
5501
1495
3523
3762
9613
4049
3509
4475
7679
2878
719
8598
456
2464
2459
8376
1188
8230
872
2343
6872
852
2280
8853
9345
8089
6067
3707
1804
5156
3960
6972
5300
9876
246
5344
1154
2507
5736
2760
6667
1227
7841
434
7543
4302
7671
689
2857
2810
5546
4646
8824
1338
1344
7097
7512
7310
9196
5008
5493
7943
4831
5304
6620
9087
4393
805
4210
6312
994
8825
3075
4312
8078
268
3101
3122
4678
6564
6220
306
1552
6403
7433
3582
6740
3747
6758
3069
8831
2827
9584
5029
458
5316
5026
9125
6595
4433
6751
1227
7279
5729
4694
155
4517
9210
1452
5203
2538
9392
4396
2107
2109
2286
9364
7712
1812
558
2595
9577
7404
4226
186
1402
9334
7391
482
5121
2382
9944
5166
7054
2770
5548
6359
3986
8776
3780
9264
2353
9670
8043
489
6123
9086
6845
2314
303
1595
2451
5129
9073
8226
5563
5966
4722
6364
4856
6440
7253
8268
5272
1403
8243
9835
9498
2707
7669
3665
6639
1936
1136
5638
6384
4772
8615
1658
1451
6113
3125
3933
-55
2688
3162
7206
3613
1239
5580
9140
4134
7485
3042
1217
4290
2903
3846
6300
4018
1772
4370
2789
9111
-42
2000
9563
6619
5957
8336
6259
5903
1843
2830
6183
589
1638
5009
8982
266
3372
7682
669
8632
3777
7813
9542
9625
7225
4552
351
7967
4452
8202
8926
9863
1658
6967
8779
2825
6568
1522
8079
8409
1750
7924
4835
3679
9158
7466
6673
8372
7911
6921
508
9064
7102
6427
4533
6406
8943
4361
2662
9790
3821
1816
7282
7577
3222
993
6161
1576
6058
1298
6235
6281
1880
4019
8275
6087
9541
6562
8270
1307
2218
4209
4464
2192
8602
4767
8206
6734
1998
1753
4993
9599
2007
3480
5957
3217
9210
2294
808
3459
5572
7071
7421
1437
4055
1659
7564
8501
3495
7157
821
2429
2572
2169
8549
6255
1360
8347
9270
2031
9137
3204
8385
803
9205
2621
8804
9667
3308
6042
2629
3049
4965
2193
4609
4546
4285
443
4612
7152
6353
7540
3062
7885
6320
1767
2142
2466
1593
5391
1233
9000
1115
4675
4096
2283
7145
6226
4239
4458
9114
8871
4578
1743
2926
4676
9694
977
7545
5886
83
5049
4592
7328
9604
8314
1075
9038
4496
4832
9341
8847
15
66
4164
2513
5153
2901
7620
4647
1196
2772
1949
4683
1139
8318
784
5730
4307
6442
889
839
3336
5662
9386
3613
7534
8847
1016
7132
6960
3488
549
2910
8866
4124
8714
7746
2414
4590
6081
2805
2515
1421
8626
3916
6247
1130
4514
2511
1340
3135
4017
985
8717
1531
770
7866
2933
7757
2468
5087
3862
3451
6118
8565
6615
4284
8535
5889
4224
518
2924
802
6755
6873
502
3401
9116
116
8206
132
5642
2469
8933
3184
5473
6216
4432
5213
9646
1913
8764
4878
9686
2146
7107
4519
2746
1696
9776
428
5168
4988
1324
3820
340
4789
9787
4556
1036
8529
6876
1935
6931
199
1905
5588
9896
8783
2870
5447
3674
7321
2404
3430
3606
9058
5409
1627
8903
8752
1449
7567
2408
8288
5975
3744
2862
6571
1385
5031
4186
3214
3073
7954
9841
5660
303
6250
5366
1658
8216
7501
9879
3998
7317
6742
3633
579
3377
282
841
25
7915
416
807
7557
7549
602
8427
1705
520
5204
73
8981
8192
3550
4170
7956
2235
8014
1410
2888
4109
-31
6589
8606
6676
4303
7132
4226
1205
5434
5955
8227
3696
444
4945
2358
8217
5067
5352
2101
2882
1947
1059
8998
1181
6219
1591
9842
84
2062
5621
401
7651
6069
1029
866
9637
8496
8766
1884
9013
7011
3625
2334
9697
9181
3836
3802
9021
1568
2863
8290
3566
6469
8486
4671
352
4479
4032
105
1846
9164
245
7636
423
9413
7146
2056
6724
3449
4088
6611
65
6721
5927
6041
590
2334
9919
9269
723
7051
1063
3898
2668
3696
8069
2824
4772
5897
796
7463
4637
5520
2669
6654
1646
6992
5447
6561
3149
3226
8514
7651
9979
6966
5577
2470
8067
4471
5243
8951
5626
2130
671
5798
1357
144
60
991
1024
6413
1759
3172
1870
8446
6906
1824
8325
3053
6673
2781
9744
6742
6769
1530
6522
3573
9223
3329
9342
9209
9274
4346
6083
9013
3298
9875
3531
956
26
8524
4017
9306
1882
423
6661
7790
8205
3259
679
5336
9529
6144
9180
5219
7709
4141
1230
2132
8411
1061
2117
6895
3912
9018
7240
7579
7691
2539
3309
4399
1681
1614
5685
6818
2545
9059
4669
5751
5092
757
974
6428
867
1817
9695
3702
8859
2279
5511
4339
3336
6844
9525
9318
8973
1587
5093
-1
2742
7346
9941
6051
2429
9203
2835
7145
941
5901
4176
6207
5065
3421
1671
1484
665
7465
866
3505
8863
2784
2713
7008
8061
9836
6512
8419
4950
5024
8691
8808
3142
163
5021
2503
2691
5250
1903
3285
8036
5113
846
1260
729
3461
497
9464
9442
3699
2191
6545
3522
6866
9588
4988
9330
593
8305
7825
6344
7246
175
7613
5782
1548
7277
7702
3392
3303
7974
7966
5595
6180
1290
5019
5957
5333
4102
8268
5239
1140
1039
4532
5092
629
3007
9554
5410
1231
3531
8435
2624
5156
2836
6305
8908
2719
8594
2905
3594
3322
5253
931
9431
9191
1930
8934
3661
3988
3795
7069
7699
8224
7959
5505
8788
4544
9282
1147
5690
162
339
1655
6180
9703
7316
179
696
3801
1200
8632
3396
6438
6498
176
2625
2507
456
2443
6672
3971
81
7219
7974
601
4939
2808
1846
3628
1330
6873
4236
5602
5697
1628
5957
601
3847
2360
2533
3068
6793
3148
5099
1770
7222
8386
1982
8317
9624
5636
9506
1105
2496
1452
4260
2487
5796
8267
4587
4896
4686
1048
5336
6125
1068
8234
2272
2388
8460
8361
5276
5312
1678
5795
454
7245
9411
7138
5172
7254
4353
-12
8342
209
3664
2557
7866
6294
2754
584
1313
3473
2539
3489
4220
6794
9871
1533
8429
8488
7541
2449
430
9032
1651
8538
6443
855
1878
9095
9316
4589
8104
4507
5029
2327
6833
5743
2146
7826
1311
2045
7638
9929
7617
6585
7615
8841
3644
8629
5596
5443
-40
5871
3814
1410
7748
1091
4743
5829
3639
3979
9312
2178
7190
70
8901
374
7392
5575
7554
8400
7391
6363
1447
4150
4825
3900
3088
1553
2050
143
4621
9937
6781
2953
8473
8649
129
3754
5157
3129
2735
6462
5111
8661
1183
8383
736
6917
2298
6921
9811
269
5932
4481
338
9069
410
5187
2040
3374
2133
8872
8222
9376
8705
5567
6755
1183
8321
415
8733
6146
8631
6470
8851
3976
5164
5474
1381
5777
5089
3186
1401
7423
6315
5247
4712
3308
7318
6303
8008
1714
2883
9292
3343
4363
5704
8172
5497
2056
305
9350
3402
5374
5003
9844
2478
7138
7099
732
5238
1958
8855
752
676
5857
608
8133
3181
3082
5881
2463
4141
7163
4274
9606
1358
1288
6252
819
436
5294
516
6167
4208
8554
7425
2368
5608
9898
1223
7846
4133
2954
1592
6585
2668
8235
1107
4089
5374
3771
9691
587
5252
6269
4848
467
7275
1262
1382
1282
1134
202
5125
2717
862
2070
662
4968
9071
2581
7890
8738
5598
9753
5652
9218
5362
2922
2768
729
1538
4395
9521
4841
6904
1978
3197
3171
4718
5943
1208
5490
7742
2703
6150
5557
751
9433
5635
7602
4737
9020
6914
8978
9863
1669
5420
1851
9207
2922
6623
2285
6338
4906
150
2459
7320
2480
6712
4855
8568
4507
5577
8584
9220
9038
1456
231
7121
591
1101
4541
8270
5552
2020
6768
5287
4335
3991
1859
8601
4005
9388
2297
8839
4894
3383
4210
3094
9818
9424
2763
8794
4814
7045
8562
9680
7852
6353
9456
8071
5327
4017
7082
9168
8525
4536
735
3790
9776
1207
5678
8977
2378
8439
801
7185
4461
8498
9831
9670
3354
4026
7052
1506
3811
1379
5095
4555
5652
4420
3921
6882
7406
8321
3832
3951
7079
128
8251
5665
9618
5339
4508
8684
4699
2171
8364
7005
4810
5607
5096
6744
7302
9617
7107
8506
9662
8777
6149
727
2948
3796
7446
148
972
8671
4280
4334
3721
1831
1200
890
2554
6967
2995
3644
7055
1741
7097
3769
9811
5641
359
1516
1651
5698
5339
5978
6723
8337
3795
7536
654
9531
7450
2441
9020
455
9900
3205
9235
7738
5039
8457
2495
6462
4474
4559
7968
6215
6294
2738
6516
3984
6270
7286
2087
4214
3228
5211
4341
2646
8827
4214
6662
239
8054
7563
5720
8519
4407
6103
8820
1561
5116
9260
9532
3104
8792
7213
5654
6742
9670
5906
9802
8735
9878
3731
9741
3197
4424
1741
7215
8116
6159
8319
2138
5500
7362
7336
7568
6395
9525
652
1704
3616
4282
4464
7133
1383
9323
5389
3110
7709
6700
3120
1453
2855
492
8007
5300
3891
329
2618
6192
5969
2883
6274
6731
6910
1421
7147
5616
1143
5583
5991
8502
1805
6348
5937
1133
7916
5188
2844
7679
9732
1102
5610
1608
1103
5699
6074
1093
587
7370
328
5693
5670
9952
5003
6360
8834
9756
8266
693
5150
601
6787
9679
132
1486
1637
5158
9838
6999
8490
9909
7347
6398
2665
4109
9919
6210
4631
2145
889
4188
7828
8682
7596
9595
4778
5951
2384
2067
4831
6676
6387
1722
5590
9753
4953
8675
3479
4179
686
-38
1655
1638
-8
8015
8414
8685
7862
6093
7446
5808
4607
8416
9247
6098
8551
2537
9247
2265
3668
4365
1923
3694
3510
5044
1496
6260
7963
3399
8607
3015
4080
1162
5548
1732
1657
6598
924
261
5531
6158
9335
4185
2643
8649
5833
8097
3059
2663
6399
7081
5054
273
5568
8744
5531
828
2892
4529
8187
7871
7761
7060
7454
842
1736
697
2525
5901
3797
6406
663
9468
2089
8253
292
7934
6792
8791
1956
4937
1811
6011
7152
5432
6901
930
5870
1421
4098
8198
3089
4636
7329
8620
5569
8391
9005
6380
5641
5750
1057
7639
1566
9498
1245
9278
2890
1138
1122
3420
1445
2255
9608
8226
5048
2205
298
4501
3458
1673
8988
6002
9015
7008
4596
6376
3839
4282
6232
5527
7773
6957
6447
1582
159
-7
5649
6460
9370
4638
5736
4224
8304
9934
9543
6845
5484
7109
9057
9677
7232
1835
9234
2995
5798
6410
5841
7534
8092
3965
2792
2292
4917
2057
5434
6988
1782
8746
2377
6409
695
1394
1709
642
2656
4918
6933
5768
9311
6951
2612
5550
9581
1098
7227
8339
4885
3381
1321
3311
175
3761
8093
2998
7143
1732
4634
984
9526
7597
2114
7334
2044
4380
6880
5815
7487
6906
8046
213
451
2808
7808
7251
9261
5454
4729
122
1682
7591
4097
4089
4166
7085
8105
1463
1245
2915
2900
9794
8403
9247
5597
9591
2222
8236
8358
7975
5342
8718
6982
9757
8819
8301
9078
6422
8467
4361
9491
4429
5997
5371
1007
5716
8975
3255
4599
9089
6689
4978
8854
1832
1335
4339
779
5461
594
3795
929
4779
9094
9982
5917
8113
5424
3313
8456
8100
8997
397
810
1257
2888
9339
4479
2915
1946
7643
1735
3089
1723
3630
6769
1991
9179
62
8228
7069
6355
5495
1224
9927
3
3744
1031
3165
9241
4263
6119
6628
7477
3460
2254
8955
7224
6671
3440
6914
3254
5458
3995
1056
1669
1758
3873
8765
8185
4261
579
5732
4996
8219
2909
2309
7921
7932
5341
5007
750
8611
8244
9341
2223
1758
2110
9874
2577
7048
7139
511
860
5266
2883
1817
445
3972
2788
219
1661
7996
5598
8516
3606
4533
977
6171
6761
2394
8192
2413
9663
1141
8275
2896
4284
7675
4626
608
4299
4781
6856
2093
3117
5599
7078
9032
3956
7292
163
7817
2642
2515
5251
3198
7651
238
3220
1218
9340
311
3360
3474
1746
8703
9474
8784
1488
1178
3892
7146
2488
4203
-39
97
2192
3613
9998
4008
285
2441
8204
8825
2827
4955
4939
5641
8242
3099
4261
7486
6108
7919
595
8284
2913
1537
5442
9933
6490
9112
97
3301
8675
4436
7625
8865
6378
947
7693
5463
5128
9786
6701
2012
5229
1512
6849
8438
7440
5319
449
8293
7437
7215
7734
7553
6414
632
1569
4963
5991
1469
7699
4472
6311
7606
3322
2497
5680
1039
1078
7786
3556
-11
1650
6030
958
9335
720
8183
2178
3420
5245
5800
8962
2
4807
9051
7232
5650
3322
4615
996
6225
5144
2160
425
6799
9526
9119
6696
9636
3080
1716
1479
6376
1527
4617
2738
279
114
9538
248
722
9228
1242
9861
8285
9100
8465
9899
2918
9298
9655
5525
267
872
1629
3272
5315
8742
6027
9501
1014
7831
2823
6779
8734
6551
5305
6560
2180
8601
7643
7621
250
2783
3411
5090
582
9615
6496
6097
8018
8788
723
2506
5403
8869
2495
945
5801
9150
4859
8631
1593
8230
6504
3886
4391
3752
5287
1903
6717
3714
781
126
5697
2320
6656
3668
4526
7531
9397
2509
1252
9023
9983
505
6841
2369
3668
1756
292
9101
6546
3930
7581
5293
7289
7836
559
6730
9985
1148
4664
8300
8017
8844
2901
3558
3471
7606
4112
6356
3720
7315
2973
5915
7005
8784
9741
2550
6619
3175
6629
6526
9414
5548
2769
123
2762
6569
4162
1148
5513
8629
1068
4588
4565
7290
6988
8002
2616
240
1386
8882
9140
6664
285
8086
1114
9930
5754
2078
5418
1630
6301
3378
9456
7364
2663
2434
5440
9378
4203
2383
2400
154
5731
5570
249
1585
2476
7983
5629
1145
4193
2673
2931
8772
8257
883
8600
6600
7191
7589
6812
6147
2769
3392
2341
162
6509
6834
2558
5148
8438
2317
9803
3913
2855
7451
7565
6080
86
5312
2202
8609
9916
1494
7870
5990
5515
5432
458
9733
8897
1115
116
9913
2623
-51
9359
6719
2953
3166
2239
255
1235
2415
9589
7543
8240
737
5840
618
8013
8494
7453
6314
6568
9448
6027
3042
4666
8553
1399
8716
899
3157
4873
4115
6306
6686
2029
7227
7262
7718
7076
8863
165
8445
4869
6654
2330
4511
7571
7789
5050
7728
119
146
2746
9787
807
3255
527
5434
900
5836
4541
9347
6358
4963
5556
7658
1857
1333
2084
2148
8109
5712
2936
7828
1084
1022
5086
6417
5117
6293
9457
3442
5762
8905
257
968
6488
8881
8450
9745
335
6264
669
6929
3392
5222
7032
8032
5934
9798
11
8906
9758
5596
636
9455
9113
6311
6347
3544
9941
5203
3962
4793
6437
3749
6909
7164
120
3603
6016
7403
2495
64
9892
-56
3477
9564
9054
7523
7734
5479
4461
6814
7464
5483
7710
9745
56
4994
926
4360
5155
4426
7367
9343
7424
5193
3321
658
3516
6015
409
650
1549
4618
5241
9999
9039
5937
9011
5556
125
4516
3775
4077
1913
7537
2987
8254
2805
3748
9880
7345
1751
4461
8602
5754
2936
2543
5227
-26
8978
2736
5426
6807
7093
2674
7393
3588
7169
1723
9163
9261
4842
2574
9758
9526
7519
9016
5780
4924
4174
2445
7266
2832
4405
8126
6466
6737
5045
2644
1002
8249
6500
5503
4844
5350
8585
128
5113
1891
4146
1359
3833
7646
550
8275
8845
5200
148
2325
6947
4229
3613
1873
3259
4443
9863
7812
7070
7021
9121
234
288
6494
5548
2398
7248
7205
1399
7741
5434
8921
8031
4933
4705
2174
1715
9773
7894
2336
5805
5147
4791
1975
3272
4882
235
2711
7497
2852
7926
7271
528
6638
2216
2586
9266
8413
8619
857
3852
1093
3307
1138
4174
9850
262
9336
3345
4340
2998
9537
9489
8327
2703
4522
7117
3179
3689
1305
6094
9279
8848
4329
8176
7484
7628
5990
6061
6326
2874
7264
4361
2911
7129
6085
6212
6112
8205
6514
7922
8295
4130
5620
201
3629
9021
1326
2630
453
6201
6862
8940
9268
512
9672
6602
5303
9087
2636
3171
2667
558
6252
1940
3589
8142
3649
6807
7787
1664
909
3352
9234
2130
7588
3674
7969
4876
2186
164
2454
7950
5123
1581
4860
3652
3699
1643
446
6482
4826
1597
2794
5895
7209
8899
7050
4881
1419
2667
1978
4285
6401
8436
3646
6052
9096
5590
2395
8088
4442
7269
6199
8685
6877
7983
2302
7206
964
4521
9657
5377
3212
5373
3624
3181
9251
2680
4644
1562
7151
7545
957
2762
6719
8894
3284
6066
9617
8185
2647
7932
9058
4710
1092
4029
32
3789
6997
4075
6745
4116
9093
2209
9484
9348
7208
6753
4171
7737
1485
4403
5986
3344
4335
1655
5005
633
379
987
2523
3934
3050
263
4979
2550
144
9037
5853
2283
3120
3780
780
5504
2189
2672
2611
7406
6816
6512
6129
718
8282
1354
5935
76
9770
348
4635
1835
2285
5966
9912
5409
3709
7774
8053
667
2139
7645
9537
1337
4040
8197
6496
5618
7138
7780
9347
5604
6301
2869
7284
1717
1168
7569
4200
9966
7825
432
6119
9076
9819
6379
5553
5868
79
5790
1029
5673
6725
9746
3408
72
7754
5694
1682
7894
9992
3282
9028
1245
3051
9109
7299
9782
9766
7462
9819
5907
6991
960
9790
8024
8704
5512
1684
3305
7072
8527
3240
5832
4434
6259
9497
9028
4552
5687
8596
5451
6391
7972
1751
1187
7296
8076
6662
324
2478
4781
9321
4502
8418
2905
6666
8391
792
6348
2248
4588
311
5812
3275
6785
4459
1152
2355
4410
2610
3834
8170
5113
6947
8573
8520
2871
8311
6272
3897
3831
2894
2997
5988
4689
9066
6736
8860
2659
4466
6177
6126
781
5608
8612
7816
2086
8899
5654
6427
7091
7335
8225
1109
8068
1293
637
9385
7088
9127
4649
6791
7974
6525
277
6448
3226
4441
578
7685
692
4027
6756
1918
3602
6635
2691
4773
7560
5411
5648
2707
1448
8668
28
7985
6830
6380
9562
9990
502
9269
4241
4301
7985
3197
1372
6560
5730
6228
6991
4772
7388
925
9164
9009
5219
7267
-32
2451
1130
-52
1568
2029
2076
8612
2178
6606
9924
5938
8293
5030
5535
8793
3392
552
6039
9065
6475
1748
9935
668
8982
7602
4871
2323
914
4029
3395
1767
2787
2245
9968
1149
7914
1776
4772
3788
4583
951
4963
1397
8187
6582
5359
1355
6026
186
4007
2597
606
2375
9158
2413
9661
3206
9918
7377
4844
8300
7201
3401
3472
383
7081
1090
3390
8269
4308
9621
7580
9929
5790
2953
9081
9698
8373
9806
-44
1141
7241
8214
6839
6768
7043
7112
9255
3000
2530
5345
3221
5140
3643
2803
2794
9169
2569
5458
1496
1560
1890
5264
1361
1049
5323
6598
4879
2995
8486
3424
3528
6476
4631
5447
9333
6115
8947
7477
7048
6759
3562
5128
4895
7723
4971
8761
2054
4740
395
948
7015
6360
7403
8216
8054
3016
4698
3966
4717
9675
4842
9098
6837
6621
5054
1741
9212
5467
4987
6247
509
683
4640
2437
696
5237
737
5398
9361
6023
8451
1746
375
7713
5255
2832
8743
8021
8041
1081
988
6433
7574
5099
426
9373
4965
-57
5257
9328
1132
1853
7760
2334
2101
4189
7684
960
7627
4852
7678
4108
9832
7032
6796
7405
3167
5737
2930
5782
4378
2105
-42
7774
2091
9617
3041
5066
7513
8129
338
4722
6516
7606
8111
2611
9743
2150
7026
7005
9372
977
909
1111
5105
8969
9637
3131
9328
7237
1521
5003
3041
9249
633
9142
1339
506
8003
5377
5336
3444
94
7169
33
5257
9933
3542
8597
1184
5386
8070
5295
5597
9244
7760
6658
9502
9783
6674
3021
8828
940
3308
3433
6027
3308
839
3532
8302
8143
3880
4066
2940
6471
70
2054
6213
3376
6097
9261
950
1146
8759
765
8907
3430
4155
2487
2859
8703
9763
3749
5926
8495
7561
9947
3945
4463
9144
1438
4320
2441
1079
8135
274
4602
3965
6823
5285
6728
8414
8696
7564
144
2668
3084
2275
5822
6286
247
9923
7057
6609
6083
5537
294
5792
5427
2634
3072
8928
289
2519
5766
6584
5870
7474
3485
8590
8722
4504
8229
2549
4349
9547
8206
3992
6610
3511
7850
5962
5395
9610
1813
3521
5252
1628
282
2851
9652
5940
3691
9253
6984
4538
575
4989
5211
6369
1811
2710
752
4873
1040
4988
5306
5121
6811
341
1187
9682
7691
1720
5347
7601
2654
2319
1678
1732
8483
2325
4333
3261
594
2119
6621
8049
4507
880
182
9529
824
-32
5293
5727
6777
1419
2387
2319
6536
5891
5415
4523
7073
6477
2881
2062
2180
1898
9140
428
6069
7063
903
3115
6431
9353
5536
5008
7391
8451
1923
6246
1751
3849
6621
1108
9375
2634
5126
4458
7326
4477
659
3827
585
1304
6127
84
4599
9605
2486
3761
8658
1661
4429
5565
622
5917
7070
307
2331
8678
1003
161
5064
6495
7897
1318
578
2408
512
2751
7885
476
2508
1377
6503
4598
8523
4067
1111
6653
2389
9224
6363
9049
9183
8899
2994
6468
2475
7599
7215
5944
2394
8409
608
109
5538
4396
8750
525
771
1093
6475
6279
2101
5918
5525
8690
3142
6377
1414
3821
7501
8976
1
4954
2055
3139
7241
4450
2304
1476
6094
1202
7498
8925
1522
2960
1277
6963
1250
4417
2682
5501
5061
8865
439
7614
6440
9406
6587
8811
2175
5563
3424
6471
8903
6097
9412
1689
5344
9786
9950
5334
750
2990
42
5217
875
1605
2520
2005
6424
9362
3564
6948
8499
9443
2448
8681
5567
2583
7789
1445
1999
7138
4951
2916
6279
3530
6934
8176
1153
488
3909
7970
8996
9562
4434
1707
1461
4548
4910
8894
7041
3163
5770
9547
7852
3416
1041
2230
3794
3413
9395
4993
480
9074
2319
3223
7737
6075
8159
2933
1502
6761
1378
1733
9487
7480
6720
3221
3919
5764
6996
2238
7562
6766
6721
2332
5422
1992
8358
2184
1105
2363
1434
1951
570
1617
5416
3381
1189
5470
4048
7453
4651
5017
1812
4328
8578
1823
4700
716
5280
1416
7504
2415
4782
9322
8378
3821
1987
1780
5183
1085
827
7720
1933
463
9819
5474
8650
10000
9064
1956
9571
3885
1809
8740
1455
2835
1645
2260
2352
3105
1026
690
8041
6152
4891
1255
3459
5836
5226
2865
7182
2995
4879
7262
7526
1729
3517
1077
4584
720
1077
506
3069
34
9919
5848
776
4084
825
6971
7762
5254
399
323
1853
2149
5354
5835
7166
907
9764
6161
6053
2232
8290
8397
6858
7685
4444
6916
4978
8907
2149
8596
4449
928
161
2812
2938
4752
2319
2041
5133
6895
9967
8912
4375
8486
8946
8874
3291
5219
970
607
1040
6974
6677
7714
5133
8061
4880
8143
2727
520
7295
8146
2152
4781
5558
596
2100
3449
6946
9477
4103
4998
2659
1742
2560
854
9383
1595
5287
421
6940
8019
5994
5247
2406
3585
3844
7975
8797
3346
7456
706
5170
9923
8843
6948
4808
7511
1139
2531
2533
8456
2716
9126
7507
1705
7493
555
5398
634
6731
5762
9768
7943
2496
9146
4786
8900
8032
5844
7377
9886
7017
4642
2620
7981
3863
6014
8224
3670
7294
5544
982
-26
8600
2922
2829
1528
3104
3979
7362
6111
4861
652
896
7655
9007
2487
654
3675
8851
2287
8348
3184
4470
8825
3973
7582
3801
5657
4843
8518
3102
448
7953
3536
5518
8110
2861
91
7228
1224
8249
2872
4687
9402
1770
2125
2957
2769
3915
9298
2253
1516
6699
4456
702
5096
9571
3317
6739
3913
4876
7929
4977
4191
3964
920
197
3754
2288
1727
4447
-17
978
3826
4868
3746
7527
9359
8420
5237
5044
7952
3961
8732
2172
9993
8246
2524
188
7428
1104
1681
2748
5176
4753
6514
8656
4422
6561
741
4473
9706
2688
8811
8583
7645
8569
3318
2305
8259
8794
7204
6268
8521
8697
3677
1217
5346
5416
711
9925
5465
701
2020
8000
2801
3386
1470
8539
102
9462
9831
6237
4159
304
4014
9941
189
7420
7109
4924
2691
9242
8057
7243
4220
1045
8656
1218
2493
9930
511
1641
1337
9941
946
8692
8999
6812
4852
5139
2272
568
7395
9461
7784
2318
790
4213
7239
7460
8128
8916
694
7468
3744
4368
1056
4061
7750
9682
3747
9928
9966
833
9362
7156
2385
9508
2150
8921
8700
9246
7990
7269
2497
8458
7843
3059
586
8189
4060
9435
2419
7908
7320
2511
2671
-31
1012
629
9864
6368
7343
8845
707
8740
1850
8028
8524
7872
8381
2836
488
7165
7589
1682
8330
951
-7
8585
3756
2124
1986
6471
6500
4440
1262
9717
9066
4114
1974
7955
7875
8581
4185
8683
-30
6485
7796
5289
3953
8650
8858
7535
8205
1989
1274
2898
5799
8416
5052
5053
4190
3298
9850
9202
5808
8900
-20
2255
4486
6078
1381
5540
4359
2484
1751
5434
20
4511
1153
4651
4403
4187
5435
7656
7239
9647
8821
5481
6679
4250
7563
7553
5914
5032
7114
9055
4415
2848
7073
1281
965
9558
4358
9433
5857
8947
5965
1132
653
8083
4418
7399
4390
5880
226
4075
4508
3500
4529
5086
3728
4669
1730
6043
822
6282
5386
9807
2958
5555
9477
7806
4954
5218
2756
9098
5359
4137
2770
1780
7004
5767
9777
902
8468
3789
5412
4481
8689
3593
1101
3143
5777
6401
1733
4010
3894
2641
4205
9790
5613
939
9588
587
7062
2457
8881
6317
2471
3195
8658
5929
7911
1553
7029
8802
638
3244
109
7043
6588
6524
4716
273
1580
8402
4936
3653
7287
2959
3951
9983
927
3090
3619
8035
5892
8532
4425
6059
2460
9500
4845
4155
1384
1709
1541
9352
4155
3124
9169
8497
4450
8262
7789
9796
5017
3601
3480
874
5020
4316
831
1261
5020
8891
7833
918
3671
6442
4188
5582
4075
4035
2910
4977
526
8306
8225
158
8286
7303
2746
8813
3556
4507
431
1645
7394
8802
206
6939
7155
4258
8951
9365
2403
7975
1214
4866
2109
1
5602
4361
9539
8874
2105
426
4694
2396
3426
983
1677
1411
1276
7531
766
4687
6174
7874
7647
8916
6165
5826
6055
6686
6721
4893
2857
4011
3537
6399
9498
9296
8944
2203
8020
8385
977
3599
6068
8158
3453
6391
8196
1197
9481
9852
3349
5914
2582
1791
2109
6466
2323
6273
7065
3111
9337
2034
7121
4786
9756
9596
6372
3940
1858
9378
4723
6805
3104
5616
3847
7914
8339
3487
4519
8152
5684
4926
3952
6946
784
832
5335
5894
2419
7573
4604
6352
648
8915
6194
496
7540
9373
3813
2846
9167
8276
5183
1709
3305
453
7134
3226
7556
672
3375
2735
313
9615
222
3762
1413
2654
6322
8683
1430
9503
3689
8324
7872
7530
4398
9715
7307
9969
9948
9207
5758
2824
9410
1451
7649
2599
4884
3332
2984
1429
8698
6116
2558
8801
6155
4940
4264
6924
4201
3243
2531
7276
2060
9028
7054
9208
9972
-50
7587
4759
1438
6066
199
-40
3719
7577
2486
570
8364
7266
7924
7991
887
4022
1626
3901
8295
6069
3151
4633
7379
3272
4911
3023
7424
9356
2
8166
8677
8368
2442
1959
6180
8020
8292
4681
215
132
7608
7409
7736
9336
7831
4663
4334
5222
8136
1442
456
5104
1389
6964
5098
5504
6235
2336
4181
1278
259
3717
9122
1255
1555
1225
4322
3829
1183
8450
4298
6776
9121
5592
7350
1690
9924
4011
4898
5323
6108
2974
6882
7326
927
6912
7642
3011
8463
4374
2589
2816
8846
9502
1408
3911
4069
5859
5490
8215
8413
2388
8617
4095
5373
3460
8677
5152
466
8618
273
8061
5386
8830
774
5458
1382
9543
814
3920
2775
2472
9251
1204
8962
2670
435
5465
6888
830
2876
6614
2489
9726
5224
3493
7501
2591
2097
3012
979
4055
5574
5394
9653
5180
9002
9355
9352
4820
5173
7542
5251
5014
5552
8777
9674
8979
7831
690
2161
1605
586
3728
5593
2763
7437
1809
8709
542
29
1979
310
2988
2993
9608
5165
9598
5892
4464
7913
5343
559
4608
6301
8231
5527
3202
3617
572
5097
4123
645
316
5951
9671
4513
6972
523
4072
273
7151
6507
1696
8915
4656
3062
4052
9047
7936
7328
9239
4563
820
1130
9680
9595
7763
7487
2832
1493
7928
2298
9577
1411
7316
514
5711
1079
5051
2235
492
3779
9096
4994
594
4246
4837
247
550
6049
5441
7032
7884
2776
2657
7660
9289
1455
3412
6909
7746
908
5159
6084
2887
9260
6372
7346
3470
3011
411
3747
6884
8238
7558
1205
7665
1335
4014
451
3314
6097
2630
9392
4110
8693
5631
9931
2154
5119
8136
9289
5950
3921
1895
5385
2281
2456
6415
5086
799
3255
2550
8909
6357
5937
875
7669
8903
6448
7279
6506
2132
1930
4318
8395
3021
813
3898
4162
6451
5697
6050
8983
4643
5187
2426
8049
650
9974
3690
3381
1386
7673
3974
8885
7558
3826
4839
3332
1749
4944
3435
3453
9435
7360
9448
1553
8171
2547
683
662
7213
7846
6598
5296
9733
5592
53
5624
7257
3738
1112
4592
1344
7976
1598
8475
8165
9563
8060
2358
3044
8238
5309
9017
3400
2327
4645
549
4100
794
8464
6849
4006
8138
7093
8336
2610
8043
7655
2927
3368
7392
6449
4776
5270
346
7450
8793
9565
4644
7984
1312
2781
4963
1164
9539
8065
9079
8646
5585
5033
2489
2986
729
3264
8294
3185
8010
4439
7029
3518
4518
3695
114
6253
6593
6438
6008
5881
7206
210
3303
5308
2588
6322
7564
9934
9181
4397
102
3493
434
8742
3026
2557
1365
3053
4435
6241
649
4784
3863
1574
5569
9230
7029
6597
9498
8857
1894
8184
1874
5947
6944
4947
7895
292
6968
2994
4606
1944
825
4449
1880
9340
5615
7069
5958
9795
3955
9041
2587
4931
9163
4650
1560
6235
4937
1392
5052
2496
1583
1215
2744
6377
4309
4359
874
301
9067
1500
7618
3936
1513
7163
5792
3256
7258
1168
8986
9682
2669
5787
1696
552
801
438
7657
9625
2160
2072
1950
1172
4507
6157
362
805
9695
3094
6387
4632
9318
1594
1424
3663
1073
1945
4474
3967
7091
5413
528
9543
8748
5420
7167
2098
9448
5420
141
1550
7195
5804
5728
6840
1985
2698
4893
2431
4440
6579
9739
2457
5742
2748
3114
4720
3833
2685
5234
3463
2762
2956
3996
2883
2004
185
5717
1078
9603
7364
2970
9352
5575
4705
5728
365
63
1863
6839
630
917
8012
853
9118
6925
5247
7540
5089
3624
6689
3856
8694
5830
9452
7721
3775
307
7096
7798
5245
1639
6245
6795
6279
2725
7238
9113
8007
452
9788
5101
8838
600
8966
3938
9116
6655
8325
3710
4385
7866
7410
1458
8976
6826
8736
1998
7507
2989
3031
8318
812
1469
2886
8509
3293
2619
6670
8084
9694
4661
4686
4258
8370
6891
4684
3879
7536
3897
173
5856
5966
2430
1351
3657
9655
64
4380
3751
2476
5552
1797
6885
8162
2944
1446
7323
268
758
-37
1901
573
-16
2983
6883
8013
348
7336
2780
8582
7373
1739
6172
5945
1297
4186
4435
3516
2432
6482
8439
7958
2065
8149
7981
1333
4538
4681
935
2848
1438
4539
5039
1802
8370
4570
7049
323
170
8005
6817
6854
5575
1466
2288
830
2055
5655
3999
8709
9826
3125
7865
2189
6012
6767
8438
9134
6518
3188
772
4085
2086
5399
8116
7434
6003
8559
5362
1574
6377
3859
3794
4095
4008
3612
9027
7635
8701
1967
6941
848
2958
3992
2743
4022
2693
3543
378
8914
9758
3565
3799
328
4590
5769
6475
9785
1335
8599
7277
1959
2542
2260
823
1160
3754
2036
6625
8752
7180
7995
9533
9415
199
4127
525
8784
6644
5451
7051
2107
4748
1645
9774
6787
1936
644
7113
9606
2632
6928
1305
5423
1795
1800
8649
8422
7458
1301
8631
7277
129
5043
7476
1303
8524
2424
2454
6622
1267
4967
6016
9220
8627
4909
3032
7976
3731
529
270
9443
4818
1473
5383
5783
958
4710
2977
9456
6378
6405
5809
5791
9670
2578
2346
7452
1615
9682
7962
1035
4099
8549
5277
696
5704
7572
9868
2076
7256
5072
8621
3129
3649
9821
3451
8697
343
3637
8610
1615
9982
6260
9153
9298
650
7330
3753
4222
4351
5525
6697
4681
9728
3401
5722
1142
2079
6657
5775
5686
9861
7658
7718
327
1460
5915
9944
3893
3616
8079
163
1878
6579
3882
1831
1391
4052
8356
6776
8050
8715
8854
6048
8258
1292
4081
7691
4796
1439
7729
8536
8854
3758
3777
4663
6180
1677
572
3335
4845
2548
6274
5723
3821
9174
3056
9825
1847
5723
5806
3472
2135
7345
7908
5626
5192
3095
4076
8661
8500
6810
7941
3848
1789
6760
3595
-40
8754
3134
2019
9766
1495
8191
4413
99
3265
9391
4636
3781
3982
7257
9560
9901
6744
6535
6957
5003
3721
8384
7361
1606
7319
2708
5258
2810
1162
2121
2661
7035
9098
8745
8525
5722
9250
7882
9956
5446
7847
2566
5655
5764
5809
5152
6384
27
9466
2648
5494
9628
5061
9321
7572
8033
3933
3363
1893
4633
4243
7350
265
2570
1495
954
3139
3289
9396
1602
9512
1360
2190
3885
4204
2346
5510
3773
7166
4526
3950
3413
2017
6850
6685
6474
7462
3909
8918
5911
1100
6577
9048
3895
1148
7973
120
3193
7708
9872
3706
8385
5291
3674
985
6093
5279
7650
1945
4037
8333
6367
9861
1789
4113
3596
4431
8950
1293
8799
3487
6773
8677
930
8448
1064
7918
1604
7847
1600
6812
2709
2913
9743
5704
1879
5310
3050
8583
3378
6056
731
7264
174
3821
3759
8467
8782
1821
2337
3898
3397
5357
5226
6738
4654
7833
8616
3797
4394
3101
9439
3295
4014
7843
3520
9612
5049
405
5666
7848
7294
1698
2334
3647
3736
7510
4162
6790
9353
5620
2185
5377
6302
6084
1487
7650
8692
4646
8906
1646
5131
3404
9342
7656
7484
2589
7410
7339
1845
8330
2258
6092
6937
3053
5904
4643
9396
9521
6557
9581
4137
8394
3683
8669
6214
5201
8580
509
9267
5066
7541
6582
2279
6812
3342
7241
9348
6247
3525
5373
-15
4975
24
9991
8472
2594
9710
6914
4001
1794
7220
3026
8251
938
999
8976
6420
5323
1563
8737
4903
941
9261
2191
8996
3445
6842
1563
5116
309
4848
7355
6077
3968
2554
4814
2037
912
4582
6624
9125
1129
3022
3560
562
6129
4151
8726
2408
4166
6210
2312
7507
5378
8812
8039
1687
9497
-4
9518
2797
3255
4890
840
4148
8200
3807
5495
264
7320
3170
9492
9936
7421
9082
7835
53
5253
1975
1704
4865
8149
2384
6673
4888
1711
7877
9260
2275
9370
5895
60
5916
7355
1343
625
4061
7162
6040
9358
6959
8183
6852
1548
8629
8830
5658
9811
4195
5779
1174
2766
2574
7306
6177
4029
2592
346
155
844
7982
2155
8223
9144
5173
2329
8480
860
7779
7197
9229
7731
5694
9599
1784
1174
8337
7056
7799
2449
8311
8966
5097
2861
9216
7804
7639
6075
1260
8242
7101
1645
2664
3934
1649
7360
6195
9598
7367
1741
8428
6778
5364
1934
5819
5716
9366
4860
5065
1904
1306
922
3919
7731
9250
1080
1410
3149
9555
3823
7841
1987
1715
4709
3811
8950
6974
1702
5281
7922
9358
7886
6971
4668
9806
787
7090
2844
7883
3095
689
2245
4551
5069
3054
5540
1062
7099
2419
2721
3374
69
6967
9099
19
1951
5644
470
5111
7205
8119
925
4912
1752
2703
3270
972
768
5191
-47
5871
1294
73
7087
2413
4845
8322
677
5565
8586
8602
1190
3403
6178
9316
4452
8378
8948
3539
1033
6584
8398
3646
855
3837
750
9410
5011
7755
499
8870
9190
9001
4688
295
7460
9288
1058
4623
8558
526
8593
8961
37
4713
9313
3934
5628
4802
6131
4796
5824
8568
8536
9129
7810
4278
4375
4724
2354
8948
7884
3171
6443
1860
8453
8890
7659
7149
6302
2700
7706
7084
5722
1568
4206
1630
4850
9477
1059
9382
2859
338
703
2854
1375
6546
8681
8269
9444
1608
4017
6554
2617
1112
2505
489
4047
4219
2513
1858
3061
-46
6316
9334
4480
9938
6662
2049
4507
9148
5827
5700
5914
543
6812
700
1600
5555
8401
5239
1679
6786
5566
7547
153
3894
6486
4448
2192
2490
9076
1512
9264
4455
6022
4921
8512
4322
5633
3367
3867
5033
995
73
7754
8783
2764
7875
1244
667
9560
904
8023
3519
7835
9567
6927
8466
7071
2836
2213
2742
407
5209
9637
9645
1206
1762
4881
6517
182
9186
4987
1995
2095
5822
7359
2586
6292
1442
8365
4566
8390
7269
1809
9675
4605
4472
2601
6407
9924
4288
4412
7344
8210
1608
9676
7738
4819
6296
603
5062
7450
7396
4038
6802
1850
5900
2168
7555
4961
6024
4413
765
1163
4479
609
1223
6724
8778
9744
5593
5420
9990
8239
7317
1375
7302
8000
9684
2677
32
8326
7947
6553
677
1846
8442
1877
2550
5909
3013
5520
1847
1103
7135
5619
4868
222
1377
6489
5166
4634
2279
8330
8233
7111
751
1834
4394
9256
4051
27
8674
5643
1518
24
335
1374
8756
6393
4056
6648
8152
7514
7288
4879
4379
3779
2645
5556
3437
4265
1091
5160
5131
5769
6693
2580
4811
7022
3001
7992
2469
6552
1674
2327
8730
9277
7273
945
4674
8172
383
1788
3460
8690
2805
3245
6699
5833
3520
3317
5504
6345
8284
1351
3026
955
4335
1152
4289
2596
8901
1124
8828
5658
5048
8072
9582
1686
4041
8635
9827
1110
3073
1796
196
2877
5712
1210
6327
3735
2660
276
8799
5243
5836
3134
125
3821
4081
1065
8687
2657
3559
207
1760
4357
4002
638
5211
3703
7757
4938
2945
1064
300
8864
9806
5326
2601
4593
5261
6672
6842
758
9383
1940
565
6310
5084
5849
2720
6672
596
7876
2164
6172
7124
6237
1484
4665
3275
1049
9482
7575
735
4749
7700
3832
265
9422
7557
8420
1492
8278
7530
9314
6993
3552
6449
3776
414
1274
3011
8344
2863
8187
27
6292
7134
8580
1105
3624
570
3208
354
5572
4976
7183
4903
8457
2971
4898
8635
2052
4943
357
2872
8948
8243
6806
4607
1547
8305
6449
6637
8645
2428
3775
151
4796
8224
1569
4368
8533
3761
1533
5843
1828
6689
7304
7042
9957
3051
6114
7097
9491
1136
4092
7094
1842
9647
58
2316
3785
7179
7276
9470
6307
9305
1784
6763
9810
9201
7542
7043
4228
2398
4743
2630
1390
2240
4833
2637
5036
2536
608
490
8502
2846
3265
4657
1135
9941
5075
7235
1442
9903
9494
3852
3539
1420
5851
6583
8751
1504
3813
1920
1498
9493
2229
1248
5996
3584
2987
6241
6664
9624
857
9315
7579
5805
7474
5272
8649
3516
2651
6599
5316
7747
6236
2777
3753
5602
4015
4557
934
8775
7562
356
4132
6797
9654
7203
761
6749
9903
6953
6554
9108
6687
8426
1198
5866
7214
6744
664
1762
2906
1150
1204
1480
1184
8769
3454
4493
603
9469
9925
5810
4639
2390
7995
593
2951
8006
4570
5690
4396
7958
9964
1335
798
7218
9279
4974
3680
3358
9862
8928
6490
9678
5908
1917
8926
6002
6173
4073
1475
1491
500
8228
7690
6306
3850
6903
1716
2394
9381
2214
1457
5673
635
2052
2137
6598
6169
6168
4494
260
9202
5196
9392
-31
5470
6633
3235
289
8105
8575
9402
9375
3672
3130
7611
526
4965
3116
6096
1942
7694
5508
8720
6557
5744
5667
4256
9809
1561
7521
5138
5232
8649
2307
3937
369
1921
3378
8763
9418
364
9652
8447
3744
7506
4921
7720
1039
5826
9379
5766
9617
8062
9054
1345
2899
2876
9223
9265
1538
4298
8670
8788
822
6445
4041
3544
5953
7409
8020
10
3160
1968
298
467
2876
5796
6638
5103
6107
5607
7999
9055
8939
298
3555
1930
7486
3619
2126
2520
208
3902
6387
5922
8702
6273
4345
509
1645
3784
2404
3936
4475
9832
8965
299
9488
792
5745
6557
58
8140
1841
6198
8818
6213
2040
8962
155
3323
9906
2523
2956
2560
6985
8229
550
8063
8564
6483
8400
643
6025
3702
6428
4733
6797
6362
1404
9742
7390
5569
2501
821
731
5395
3711
2136
3539
5830
1035
2102
3845
2651
4492
5905
4627
9807
8782
8549
8808
9230
5034
7612
5288
1983
7042
6369
5816
4127
4536
8001
7876
5032
1592
3883
6965
3561
8066
4987
7868
9121
9810
6013
2347
6353
3353
5039
9120
5277
4321
1230
67
9283
6439
8020
7938
4196
9186
8160
9021
3101
7072
474
4208
8103
4575
7696
4457
2871
5618
7191
404
1089
1212
59
7702
966
2348
3582
8076
7077
4164
3088
8752
8852
1371
9861
6493
7405
7773
7134
3484
5421
8307
2304
6548
7228
4885
5440
2640
323
7902
4069
6617
5341
7847
530
8340
6237
-12
1644
8999
5242
3375
6874
3476
5576
7683
1712
6532
264
6185
7614
2764
8879
327
1388
788
6491
8810
8855
8376
9846
5019
9256
6228
4490
4474
4853
7136
2096
4268
5577
1346
1394
4537
1604
3237
